SOC=1:-0.1:0;
OCV=[2.69150000000000	2.59480000000000	2.57160000000000	2.54240000000000	2.50930000000000	2.47920000000000	2.45250000000000	2.42620000000000	2.39670000000000	2.35360000000000	2.03460000000000]